dim 150 150 150
putbox 59 89 59 89 59 89 0.01 0.01 0.01 1.0
putbox 89 109 61 76 63 85 0.01 0.01 0.01 1.0
cutbox 89 109 70 71 59 89
cutbox 89 107 69 70 64 84
cutbox 89 107 71 72 64 84
putbox 101 107 76 79 66 69 0.7 0.7 0.7 1.0
putbox 101 107 76 79 79 82 0.7 0.7 0.7 1.0
putbox 89 90 81 84 78 82 0.5 0.0 0.5 1.0
putvoxel 89 81 77 0.5 0.0 0.5 1.0
putbox 89 90 81 84 66 70 0.5 0.0 0.5 1.0
putvoxel 89 81 70 0.5 0.0 0.5 1.0
putbox 67 81 89 94 64 67 0.5 0.5 0.5 1.0
putbox 67 81 89 94 81 84 0.5 0.5 0.5 1.0